1 123 0  1

1 4567 0 685483  1

2 1234567891 0 217972  2

2 123123123 0 987053  2

217973 1 0 215512  2

217973 123 0 503691  2

217973 12 0 294774  2

217974 1313 0 413110  2

217974 1 0 614051  2

217974 1212 0 174156  2

217974 1212 0 091529  2

217974 1212 0 019792  2

217974 733 0 697901  2

217974 733 0 295469  2

217974 733722312 0 236328  2

217974 123123000 0 562450  2

217974 123 123 321 0   2

217974 123 321 123 0   2

217974 123123123 0   2

217974 000000000 0   2

217974 123321123 0   2

217974 123123123 0   2

217974 000111000 0   2

217974 1 2 3 2 22 3 2 5 0   2

217974 123123123 0   2

